19405282 , 3.43 , 5.44 , 1024.20 , 0.11 , -90.72 , 53.00
19887073 , 3.02 , 3.57 , 1292.00 , 2.76 , -2097.10 , 1023.00
19887644 , 3.02 , 3.58 , 1297.80 , 2.82 , -2136.67 , 1023.00
19888214 , 3.02 , 3.57 , 1300.90 , 2.85 , -2157.76 , 1023.00
19888784 , 3.02 , 3.58 , 1294.00 , 2.78 , -2110.76 , 1023.00
19889355 , 3.02 , 3.57 , 1288.00 , 2.73 , -2069.73 , 1023.00
19889925 , 3.02 , 3.56 , 1290.60 , 2.75 , -2087.53 , 1023.00
19890495 , 3.02 , 3.58 , 1289.60 , 2.74 , -2080.68 , 1023.00
19891065 , 3.02 , 3.57 , 1289.70 , 2.74 , -2081.37 , 1023.00
19891638 , 3.02 , 3.58 , 1291.20 , 2.76 , -2091.63 , 1023.00
19892209 , 3.02 , 3.57 , 1286.00 , 2.71 , -2056.02 , 1023.00
19892779 , 3.02 , 3.57 , 1290.80 , 2.75 , -2088.90 , 1023.00
19893349 , 3.02 , 3.56 , 1290.70 , 2.75 , -2088.21 , 1023.00
19893920 , 3.02 , 3.56 , 1289.90 , 2.74 , -2082.74 , 1023.00
19894491 , 3.02 , 3.56 , 1298.30 , 2.83 , -2140.07 , 1023.00
19895060 , 3.02 , 3.57 , 1297.00 , 2.81 , -2131.22 , 1023.00
19895631 , 3.02 , 3.56 , 1294.10 , 2.79 , -2111.44 , 1023.00
19896205 , 3.02 , 3.56 , 1298.20 , 2.83 , -2139.39 , 1023.00
19896776 , 3.02 , 3.56 , 1294.20 , 2.79 , -2112.13 , 1023.00
19897347 , 3.02 , 3.56 , 1294.60 , 2.79 , -2114.86 , 1023.00
19897917 , 3.02 , 3.56 , 1292.80 , 2.77 , -2102.57 , 1023.00
19898488 , 3.02 , 3.56 , 1289.40 , 2.74 , -2079.32 , 1023.00
19899059 , 3.02 , 3.56 , 1293.20 , 2.78 , -2105.30 , 1023.00
19899629 , 3.02 , 3.56 , 1292.60 , 2.77 , -2101.20 , 1023.00
19900200 , 3.02 , 3.56 , 1289.90 , 2.74 , -2082.74 , 1023.00
19900774 , 3.02 , 3.56 , 1294.40 , 2.79 , -2113.49 , 1023.00
19901344 , 3.02 , 3.56 , 1291.70 , 2.76 , -2095.05 , 1023.00
19901916 , 3.02 , 3.55 , 1293.20 , 2.78 , -2105.30 , 1023.00
19902486 , 3.02 , 3.56 , 1293.40 , 2.78 , -2106.67 , 1023.00
19903056 , 3.02 , 3.56 , 1291.00 , 2.75 , -2090.27 , 1023.00
19903627 , 3.02 , 3.55 , 1292.30 , 2.77 , -2099.15 , 1023.00
19904197 , 3.02 , 3.55 , 1289.60 , 2.74 , -2080.68 , 1023.00
19904768 , 3.02 , 3.55 , 1284.70 , 2.69 , -2047.10 , 1023.00
19905339 , 3.02 , 3.55 , 1282.60 , 2.67 , -2032.67 , 1023.00
19905913 , 3.02 , 3.55 , 1287.90 , 2.72 , -2069.04 , 1023.00
19906484 , 3.02 , 3.55 , 1291.20 , 2.76 , -2091.63 , 1023.00
19907054 , 3.02 , 3.55 , 1294.10 , 2.79 , -2111.44 , 1023.00
19907624 , 3.02 , 3.55 , 1292.50 , 2.77 , -2100.52 , 1023.00
19908195 , 3.02 , 3.55 , 1292.70 , 2.77 , -2101.89 , 1023.00
19908766 , 3.02 , 3.54 , 1293.90 , 2.78 , -2110.08 , 1023.00
19909336 , 3.02 , 3.54 , 1289.50 , 2.74 , -2080.00 , 1023.00
19909907 , 3.02 , 3.54 , 1291.50 , 2.76 , -2093.68 , 1023.00
19910481 , 3.02 , 3.54 , 1291.20 , 2.76 , -2091.63 , 1023.00
19911051 , 3.02 , 3.54 , 1289.50 , 2.74 , -2080.00 , 1023.00
19911622 , 3.02 , 3.54 , 1291.00 , 2.75 , -2090.27 , 1023.00
19912193 , 3.02 , 3.54 , 1290.60 , 2.75 , -2087.53 , 1023.00
19912764 , 3.02 , 3.54 , 1287.20 , 2.72 , -2064.25 , 1023.00
19913335 , 3.02 , 3.54 , 1289.80 , 2.74 , -2082.05 , 1023.00
19913905 , 3.02 , 3.54 , 1290.90 , 2.75 , -2089.58 , 1023.00
19914475 , 3.02 , 3.54 , 1290.20 , 2.75 , -2084.79 , 1023.00
19915050 , 3.02 , 3.54 , 1290.60 , 2.75 , -2087.53 , 1023.00
19915621 , 3.02 , 3.54 , 1292.10 , 2.77 , -2097.79 , 1023.00
19916192 , 3.02 , 3.54 , 1292.60 , 2.77 , -2101.20 , 1023.00
19916763 , 3.02 , 3.54 , 1290.90 , 2.75 , -2089.58 , 1023.00
19917334 , 3.03 , 3.54 , 1291.50 , 2.76 , -2093.68 , 1023.00
19917904 , 3.07 , 3.54 , 1292.80 , 2.77 , -2102.57 , 1023.00
19918475 , 3.12 , 3.54 , 1291.10 , 2.76 , -2090.95 , 1023.00
19919045 , 3.14 , 3.53 , 1292.30 , 2.77 , -2099.15 , 1023.00
19919619 , 3.19 , 3.54 , 1293.00 , 2.77 , -2103.93 , 1023.00
19920190 , 3.22 , 3.54 , 1290.40 , 2.75 , -2086.16 , 1023.00
19920760 , 3.22 , 3.53 , 1293.10 , 2.78 , -2104.62 , 1023.00
19921330 , 3.29 , 3.54 , 1291.80 , 2.76 , -2095.73 , 1023.00
19921901 , 3.28 , 3.53 , 1291.70 , 2.76 , -2095.05 , 1023.00
19922471 , 3.30 , 3.53 , 1292.80 , 2.77 , -2102.57 , 1023.00
19923042 , 3.32 , 3.53 , 1293.40 , 2.78 , -2106.67 , 1023.00
19923613 , 3.33 , 3.53 , 1291.70 , 2.76 , -2095.05 , 1023.00
19924183 , 3.35 , 3.53 , 1294.70 , 2.79 , -2115.54 , 1023.00
19924759 , 3.36 , 3.53 , 1291.40 , 2.76 , -2093.00 , 1023.00
19925329 , 3.30 , 3.53 , 1293.50 , 2.78 , -2107.35 , 1023.00
19925899 , 3.33 , 3.53 , 1291.50 , 2.76 , -2093.68 , 1023.00
19926471 , 3.30 , 3.53 , 1292.70 , 2.77 , -2101.89 , 1023.00
19927041 , 3.33 , 3.53 , 1292.10 , 2.77 , -2097.79 , 1023.00
19927611 , 3.34 , 3.53 , 1290.80 , 2.75 , -2088.90 , 1023.00
19928183 , 3.34 , 3.53 , 1291.60 , 2.76 , -2094.36 , 1023.00
19928753 , 3.35 , 3.52 , 1291.40 , 2.76 , -2093.00 , 1023.00
19929327 , 3.36 , 3.52 , 1292.30 , 2.77 , -2099.15 , 1023.00
19929899 , 3.37 , 3.53 , 1294.90 , 2.79 , -2116.90 , 1023.00
19930470 , 3.41 , 3.52 , 1290.90 , 2.75 , -2089.58 , 1023.00
19931040 , 3.38 , 3.52 , 1292.80 , 2.77 , -2102.57 , 1023.00
19931611 , 3.25 , 3.52 , 1294.50 , 2.79 , -2114.17 , 1023.00
19932182 , 3.10 , 3.52 , 1291.20 , 2.76 , -2091.63 , 1023.00
19932753 , 3.04 , 3.52 , 1293.20 , 2.78 , -2105.30 , 1023.00
19933324 , 3.02 , 3.52 , 1294.00 , 2.78 , -2110.76 , 1023.00
19933899 , 3.02 , 3.52 , 1293.70 , 2.78 , -2108.71 , 1023.00
19934470 , 3.02 , 3.52 , 1295.40 , 2.80 , -2120.31 , 1023.00
19935041 , 3.02 , 3.52 , 1293.30 , 2.78 , -2105.98 , 1023.00
19935611 , 3.09 , 3.52 , 1293.40 , 2.78 , -2106.67 , 1023.00
19936182 , 3.17 , 3.52 , 1293.60 , 2.78 , -2108.03 , 1023.00
19936752 , 3.23 , 3.52 , 1293.00 , 2.77 , -2103.93 , 1023.00
19937323 , 3.27 , 3.52 , 1293.10 , 2.78 , -2104.62 , 1023.00
19937894 , 3.32 , 3.52 , 1293.60 , 2.78 , -2108.03 , 1023.00
19938467 , 3.32 , 3.52 , 1294.30 , 2.79 , -2112.81 , 1023.00
19939039 , 3.35 , 3.52 , 1293.00 , 2.77 , -2103.93 , 1023.00
19939609 , 3.36 , 3.52 , 1292.40 , 2.77 , -2099.84 , 1023.00
19940179 , 3.36 , 3.52 , 1294.60 , 2.79 , -2114.86 , 1023.00
19940751 , 3.40 , 3.52 , 1295.30 , 2.80 , -2119.63 , 1023.00
19941321 , 3.41 , 3.52 , 1293.30 , 2.78 , -2105.98 , 1023.00
19941892 , 3.43 , 3.52 , 1294.30 , 2.79 , -2112.81 , 1023.00
19942463 , 3.37 , 3.52 , 1297.50 , 2.82 , -2134.62 , 1023.00
19943033 , 3.32 , 3.52 , 1297.50 , 2.82 , -2134.62 , 1023.00
19943607 , 3.30 , 3.52 , 1295.30 , 2.80 , -2119.63 , 1023.00
19944178 , 3.32 , 3.52 , 1295.50 , 2.80 , -2121.00 , 1023.00
19944748 , 3.33 , 3.52 , 1296.80 , 2.81 , -2129.85 , 1023.00
19945319 , 3.36 , 3.52 , 1294.40 , 2.79 , -2113.49 , 1023.00
19945890 , 3.40 , 3.52 , 1294.30 , 2.79 , -2112.81 , 1023.00
19946460 , 3.43 , 3.52 , 1293.80 , 2.78 , -2109.40 , 1023.00
19947031 , 3.45 , 3.52 , 1294.80 , 2.79 , -2116.22 , 1023.00
19947601 , 3.46 , 3.52 , 1296.70 , 2.81 , -2129.17 , 1023.00
19948175 , 3.48 , 3.51 , 1296.20 , 2.81 , -2125.77 , 1023.00
19948746 , 3.50 , 3.51 , 1295.40 , 2.80 , -2120.31 , 1023.00
19949316 , 3.51 , 3.52 , 1297.20 , 2.82 , -2132.58 , 1023.00
19949888 , 3.53 , 3.52 , 1295.30 , 2.80 , -2119.63 , 1023.00
19950459 , 3.54 , 3.51 , 1295.60 , 2.80 , -2121.68 , 1023.00
19951029 , 3.54 , 3.51 , 1295.60 , 2.80 , -2121.68 , 1023.00
19951600 , 3.54 , 3.51 , 1297.50 , 2.82 , -2134.62 , 1023.00
19952171 , 3.50 , 3.51 , 1292.60 , 2.77 , -2101.20 , 1023.00
19952745 , 3.47 , 3.51 , 1294.00 , 2.78 , -2110.76 , 1023.00
19953315 , 3.42 , 3.50 , 1295.20 , 2.80 , -2118.95 , 1023.00
19953886 , 3.40 , 3.51 , 1292.60 , 2.77 , -2101.20 , 1023.00
19954457 , 3.42 , 3.50 , 1295.00 , 2.79 , -2117.58 , 1023.00
19955027 , 3.43 , 3.50 , 1296.70 , 2.81 , -2129.17 , 1023.00
19955599 , 3.45 , 3.50 , 1295.00 , 2.79 , -2117.58 , 1023.00
19956169 , 3.48 , 3.50 , 1295.40 , 2.80 , -2120.31 , 1023.00
19956739 , 3.50 , 3.50 , 1297.90 , 2.82 , -2137.35 , 1023.00
19957314 , 3.50 , 3.50 , 1298.10 , 2.83 , -2138.71 , 1023.00
19957884 , 3.44 , 3.50 , 1302.30 , 2.87 , -2167.27 , 1023.00
19958455 , 3.38 , 3.50 , 1302.20 , 2.87 , -2166.59 , 1023.00
19959025 , 3.29 , 3.50 , 1302.00 , 2.86 , -2165.23 , 1023.00
19959595 , 3.25 , 3.50 , 1303.50 , 2.88 , -2175.41 , 1023.00
19960167 , 3.24 , 3.50 , 1302.50 , 2.87 , -2168.63 , 1023.00
19960737 , 3.28 , 3.50 , 1301.80 , 2.86 , -2163.87 , 1023.00
19961307 , 3.32 , 3.50 , 1302.90 , 2.87 , -2171.34 , 1023.00
19961878 , 3.35 , 3.50 , 1302.40 , 2.87 , -2167.95 , 1023.00
19962452 , 3.39 , 3.50 , 1303.40 , 2.88 , -2174.73 , 1023.00
19963023 , 3.44 , 3.50 , 1303.80 , 2.88 , -2177.45 , 1023.00
19963594 , 3.46 , 3.50 , 1303.60 , 2.88 , -2176.09 , 1023.00
19964165 , 3.47 , 3.50 , 1303.50 , 2.88 , -2175.41 , 1023.00
19964735 , 3.50 , 3.50 , 1303.10 , 2.87 , -2172.70 , 1023.00
19965306 , 3.51 , 3.50 , 1303.40 , 2.88 , -2174.73 , 1023.00
19965876 , 3.52 , 3.50 , 1300.90 , 2.85 , -2157.76 , 1023.00
19966447 , 3.51 , 3.50 , 1302.70 , 2.87 , -2169.98 , 1023.00
19967023 , 3.52 , 3.50 , 1301.70 , 2.86 , -2163.19 , 1023.00
19967594 , 3.47 , 3.50 , 1302.90 , 2.87 , -2171.34 , 1023.00
19968164 , 3.41 , 3.50 , 1305.00 , 2.89 , -2185.59 , 1023.00
19968735 , 3.40 , 3.50 , 1301.20 , 2.86 , -2159.80 , 1023.00
19969305 , 3.43 , 3.50 , 1301.50 , 2.86 , -2161.83 , 1023.00
19969876 , 3.33 , 3.50 , 1303.20 , 2.88 , -2173.38 , 1023.00
19970447 , 3.21 , 3.50 , 1298.70 , 2.83 , -2142.79 , 1023.00
19971018 , 3.24 , 3.50 , 1300.30 , 2.85 , -2153.68 , 1023.00
19971592 , 3.23 , 3.50 , 1299.30 , 2.84 , -2146.88 , 1023.00
19972163 , 3.25 , 3.50 , 1303.60 , 2.88 , -2176.09 , 1023.00
19972734 , 3.27 , 3.50 , 1304.10 , 2.88 , -2179.49 , 1023.00
19973304 , 3.20 , 3.50 , 1309.10 , 2.93 , -2213.35 , 1023.00
19973875 , 3.02 , 3.50 , 1305.10 , 2.89 , -2186.26 , 1023.00
19974445 , 3.02 , 3.50 , 1305.20 , 2.90 , -2186.94 , 1023.00
19975015 , 3.02 , 3.50 , 1306.80 , 2.91 , -2197.78 , 1023.00
19975586 , 3.02 , 3.50 , 1304.50 , 2.89 , -2182.20 , 1023.00
19976160 , 3.02 , 3.49 , 1305.70 , 2.90 , -2190.33 , 1023.00
19976731 , 3.02 , 3.50 , 1306.20 , 2.91 , -2193.72 , 1023.00
19977301 , 3.02 , 3.50 , 1305.20 , 2.90 , -2186.94 , 1023.00
19977872 , 3.03 , 3.50 , 1305.10 , 2.89 , -2186.26 , 1023.00
19978442 , 3.11 , 3.50 , 1308.70 , 2.93 , -2210.64 , 1023.00
19979013 , 3.24 , 3.50 , 1308.00 , 2.92 , -2205.91 , 1023.00
19979583 , 3.32 , 3.50 , 1306.10 , 2.90 , -2193.04 , 1023.00
19980154 , 3.35 , 3.50 , 1309.40 , 2.94 , -2215.38 , 1023.00
19980723 , 3.39 , 3.50 , 1310.40 , 2.95 , -2222.13 , 1023.00
19981298 , 3.40 , 3.50 , 1309.80 , 2.94 , -2218.08 , 1023.00
19981868 , 3.40 , 3.50 , 1308.20 , 2.93 , -2207.26 , 1023.00
19982438 , 3.40 , 3.50 , 1306.70 , 2.91 , -2197.11 , 1023.00
19983009 , 3.45 , 3.49 , 1305.90 , 2.90 , -2191.69 , 1023.00
19983580 , 3.41 , 3.50 , 1309.40 , 2.94 , -2215.38 , 1023.00
19984150 , 3.30 , 3.49 , 1309.50 , 2.94 , -2216.05 , 1023.00
19984721 , 3.29 , 3.50 , 1310.00 , 2.94 , -2219.43 , 1023.00
19985291 , 3.29 , 3.50 , 1310.30 , 2.95 , -2221.46 , 1023.00
19985866 , 3.37 , 3.49 , 1311.60 , 2.96 , -2230.24 , 1023.00
19986436 , 3.40 , 3.50 , 1312.00 , 2.96 , -2232.94 , 1023.00
19987006 , 3.40 , 3.49 , 1313.50 , 2.98 , -2243.06 , 1023.00
19987576 , 3.40 , 3.50 , 1311.10 , 2.95 , -2226.87 , 1023.00
19988147 , 3.47 , 3.49 , 1312.10 , 2.96 , -2233.62 , 1023.00
19988718 , 3.53 , 3.49 , 1312.90 , 2.97 , -2239.01 , 1023.00
19989288 , 3.53 , 3.50 , 1310.50 , 2.95 , -2222.81 , 1023.00
19989858 , 3.51 , 3.49 , 1310.10 , 2.94 , -2220.11 , 1023.00
19990433 , 3.32 , 3.49 , 1310.10 , 2.94 , -2220.11 , 1023.00
19991003 , 3.28 , 3.49 , 1309.80 , 2.94 , -2218.08 , 1023.00
19991574 , 3.30 , 3.49 , 1307.00 , 2.91 , -2199.14 , 1023.00
19992144 , 3.30 , 3.49 , 1306.90 , 2.91 , -2198.46 , 1023.00
19992715 , 3.34 , 3.49 , 1308.10 , 2.92 , -2206.58 , 1023.00
19993286 , 3.36 , 3.49 , 1307.50 , 2.92 , -2202.53 , 1023.00
19993857 , 3.34 , 3.49 , 1306.80 , 2.91 , -2197.78 , 1023.00
19994428 , 3.37 , 3.49 , 1308.60 , 2.93 , -2209.97 , 1023.00
19994998 , 3.37 , 3.49 , 1307.80 , 2.92 , -2204.55 , 1023.00
19995566 , 3.38 , 3.49 , 1310.00 , 2.94 , -2219.43 , 1023.00
19996136 , 3.42 , 3.50 , 1308.10 , 2.92 , -2206.58 , 1023.00
19996707 , 3.45 , 3.49 , 1309.20 , 2.94 , -2214.03 , 1023.00
19997277 , 3.51 , 3.49 , 1308.30 , 2.93 , -2207.94 , 1023.00
19997847 , 3.52 , 3.49 , 1305.70 , 2.90 , -2190.33 , 1023.00
19998417 , 3.52 , 3.49 , 1310.70 , 2.95 , -2224.16 , 1023.00
19998989 , 3.54 , 3.49 , 1312.90 , 2.97 , -2239.01 , 1023.00
19999559 , 3.58 , 3.49 , 1311.40 , 2.96 , -2228.89 , 1023.00
20000133 , 3.58 , 3.49 , 1309.40 , 2.94 , -2215.38 , 1023.00
20000705 , 3.57 , 3.49 , 1312.00 , 2.96 , -2232.94 , 1023.00
20001275 , 3.58 , 3.49 , 1308.90 , 2.93 , -2212.00 , 1023.00
20001845 , 3.67 , 3.49 , 1308.40 , 2.93 , -2208.61 , 1023.00
20002416 , 3.61 , 3.49 , 1311.40 , 2.96 , -2228.89 , 1023.00
20002986 , 3.62 , 3.49 , 1305.10 , 2.89 , -2186.26 , 1023.00
20003557 , 3.62 , 3.49 , 1306.70 , 2.91 , -2197.11 , 1023.00
20004128 , 3.61 , 3.49 , 1309.20 , 2.94 , -2214.03 , 1023.00
20004701 , 3.53 , 3.48 , 1304.80 , 2.89 , -2184.24 , 1023.00
20005272 , 3.50 , 3.49 , 1310.00 , 2.94 , -2219.43 , 1023.00
20005843 , 3.43 , 3.48 , 1308.60 , 2.93 , -2209.97 , 1023.00
20006414 , 3.35 , 3.48 , 1305.80 , 2.90 , -2191.01 , 1023.00
20006985 , 3.34 , 3.48 , 1307.00 , 2.91 , -2199.14 , 1023.00
20007555 , 3.40 , 3.48 , 1303.80 , 2.88 , -2177.45 , 1023.00
20008125 , 3.45 , 3.48 , 1308.20 , 2.93 , -2207.26 , 1023.00
20008696 , 3.50 , 3.48 , 1305.20 , 2.90 , -2186.94 , 1023.00
20009271 , 3.52 , 3.47 , 1306.40 , 2.91 , -2195.07 , 1023.00
20009841 , 3.49 , 3.48 , 1306.50 , 2.91 , -2195.76 , 1023.00
20010413 , 3.45 , 3.48 , 1304.10 , 2.88 , -2179.49 , 1023.00
20010983 , 3.43 , 3.47 , 1303.50 , 2.88 , -2175.41 , 1023.00
20011553 , 3.47 , 3.48 , 1305.80 , 2.90 , -2191.01 , 1023.00
20012124 , 3.50 , 3.48 , 1305.30 , 2.90 , -2187.62 , 1023.00
20012695 , 3.50 , 3.48 , 1306.00 , 2.90 , -2192.36 , 1023.00
20013265 , 3.53 , 3.48 , 1309.40 , 2.94 , -2215.38 , 1023.00
20013836 , 3.59 , 3.47 , 1306.30 , 2.91 , -2194.40 , 1023.00
20014410 , 3.60 , 3.48 , 1307.60 , 2.92 , -2203.20 , 1023.00
20014981 , 3.61 , 3.48 , 1309.90 , 2.94 , -2218.76 , 1023.00
20015551 , 3.60 , 3.48 , 1311.10 , 2.95 , -2226.87 , 1023.00
20016122 , 3.63 , 3.47 , 1311.10 , 2.95 , -2226.87 , 1023.00
20016692 , 3.64 , 3.48 , 1312.30 , 2.97 , -2234.96 , 1023.00
20017264 , 3.62 , 3.48 , 1313.50 , 2.98 , -2243.06 , 1023.00
20017835 , 3.64 , 3.48 , 1311.50 , 2.96 , -2229.56 , 1023.00
20018405 , 3.62 , 3.48 , 1311.00 , 2.95 , -2226.19 , 1023.00
20018980 , 3.62 , 3.46 , 1311.50 , 2.96 , -2229.56 , 1023.00
20019550 , 3.57 , 3.48 , 1311.30 , 2.96 , -2228.21 , 1023.00
20020121 , 3.54 , 3.46 , 1308.00 , 2.92 , -2205.91 , 1023.00
20020692 , 3.50 , 3.47 , 1308.10 , 2.92 , -2206.58 , 1023.00
20021261 , 3.52 , 3.48 , 1308.80 , 2.93 , -2211.32 , 1023.00
20021832 , 3.52 , 3.47 , 1307.50 , 2.92 , -2202.53 , 1023.00
20022403 , 3.54 , 3.46 , 1308.90 , 2.93 , -2212.00 , 1023.00
20022973 , 3.59 , 3.46 , 1311.50 , 2.96 , -2229.56 , 1023.00
20023548 , 3.63 , 3.47 , 1308.50 , 2.93 , -2209.29 , 1023.00
20024118 , 3.46 , 3.48 , 1312.80 , 2.97 , -2238.34 , 1023.00
20024689 , 3.18 , 3.48 , 1308.70 , 2.93 , -2210.64 , 1023.00
20025260 , 3.02 , 3.47 , 1308.30 , 2.93 , -2207.94 , 1023.00
20025830 , 3.02 , 3.48 , 1308.60 , 2.93 , -2209.97 , 1023.00
20026400 , 3.02 , 3.48 , 1307.50 , 2.92 , -2202.53 , 1023.00
20026971 , 3.02 , 3.48 , 1309.70 , 2.94 , -2217.41 , 1023.00
20027542 , 3.12 , 3.48 , 1310.60 , 2.95 , -2223.48 , 1023.00
20028116 , 3.24 , 3.48 , 1309.80 , 2.94 , -2218.08 , 1023.00
20028686 , 3.30 , 3.48 , 1308.50 , 2.93 , -2209.29 , 1023.00
20029256 , 3.39 , 3.48 , 1310.20 , 2.95 , -2220.79 , 1023.00
20029827 , 3.40 , 3.48 , 1309.00 , 2.93 , -2212.67 , 1023.00
20030398 , 3.39 , 3.48 , 1310.20 , 2.95 , -2220.79 , 1023.00
20030968 , 3.46 , 3.48 , 1310.20 , 2.95 , -2220.79 , 1023.00
20031540 , 3.49 , 3.48 , 1309.10 , 2.93 , -2213.35 , 1023.00
20032110 , 3.55 , 3.47 , 1310.80 , 2.95 , -2224.84 , 1023.00
20032681 , 3.47 , 3.48 , 1309.70 , 2.94 , -2217.41 , 1023.00
20033254 , 3.13 , 3.48 , 1311.60 , 2.96 , -2230.24 , 1023.00
20033825 , 3.02 , 3.48 , 1313.60 , 2.98 , -2243.74 , 1023.00
20034396 , 3.02 , 3.48 , 1312.50 , 2.97 , -2236.31 , 1023.00
20034967 , 3.02 , 3.48 , 1312.70 , 2.97 , -2237.66 , 1023.00
20035536 , 3.02 , 3.48 , 1312.10 , 2.96 , -2233.62 , 1023.00
20036107 , 3.17 , 3.48 , 1314.10 , 2.98 , -2247.11 , 1023.00
20036678 , 3.28 , 3.48 , 1317.00 , 3.01 , -2266.64 , 1023.00
20037248 , 3.33 , 3.48 , 1313.20 , 2.97 , -2241.04 , 1023.00
20037823 , 3.39 , 3.48 , 1313.30 , 2.98 , -2241.71 , 1023.00
20038393 , 3.41 , 3.48 , 1314.10 , 2.98 , -2247.11 , 1023.00
20038964 , 3.33 , 3.48 , 1316.80 , 3.01 , -2265.29 , 1023.00
20039534 , 3.37 , 3.48 , 1319.70 , 3.04 , -2284.79 , 1023.00
20040104 , 3.47 , 3.48 , 1317.10 , 3.01 , -2267.31 , 1023.00
20040674 , 3.47 , 3.48 , 1316.50 , 3.01 , -2263.27 , 1023.00
20041244 , 3.49 , 3.48 , 1314.50 , 2.99 , -2249.80 , 1023.00
20041815 , 3.56 , 3.47 , 1307.20 , 2.92 , -2200.49 , 1023.00
20042388 , 3.58 , 3.48 , 1306.80 , 2.91 , -2197.78 , 1023.00
20042959 , 3.48 , 3.47 , 1308.10 , 2.92 , -2206.58 , 1023.00
20043529 , 3.44 , 3.47 , 1303.30 , 2.88 , -2174.06 , 1023.00
20044099 , 3.53 , 3.48 , 1297.30 , 2.82 , -2133.27 , 1023.00
20044671 , 3.60 , 3.47 , 1290.30 , 2.75 , -2085.47 , 1023.00
20045241 , 3.62 , 3.46 , 1273.60 , 2.58 , -1970.61 , 1023.00
20045811 , 3.56 , 3.46 , 1273.50 , 2.58 , -1969.92 , 1023.00
20046383 , 3.07 , 3.46 , 1279.10 , 2.64 , -2008.58 , 1023.00
20046957 , 3.02 , 3.46 , 1275.60 , 2.60 , -1984.44 , 1023.00
20047527 , 3.02 , 3.46 , 1270.50 , 2.55 , -1949.16 , 1022.00
20048098 , 3.02 , 3.46 , 1252.00 , 2.37 , -1820.23 , 1022.00
20048669 , 3.02 , 3.46 , 1235.10 , 2.20 , -1701.10 , 1022.06
20049239 , 3.02 , 3.46 , 1232.70 , 2.18 , -1684.07 , 1021.00
20049809 , 3.02 , 3.46 , 1225.10 , 2.10 , -1629.98 , 1020.00
20050379 , 3.02 , 3.46 , 1213.00 , 1.98 , -1543.30 , 1022.00
20050951 , 3.02 , 3.46 , 1202.20 , 1.87 , -1465.34 , 1017.89
20051522 , 3.02 , 3.45 , 1183.90 , 1.69 , -1331.93 , 1018.00
20052095 , 3.02 , 3.45 , 1179.00 , 1.65 , -1295.93 , 1016.00
20052667 , 3.02 , 3.45 , 1161.70 , 1.47 , -1167.83 , 1010.00
20053237 , 3.02 , 3.45 , 1160.10 , 1.46 , -1155.91 , 1016.00
20053808 , 3.02 , 3.45 , 1146.80 , 1.33 , -1056.26 , 1000.00
20054378 , 3.02 , 3.44 , 1130.20 , 1.16 , -930.57 , 1013.00
20054947 , 3.02 , 3.44 , 1126.70 , 1.13 , -903.88 , 992.03
20055518 , 3.02 , 3.44 , 1102.30 , 0.88 , -715.92 , 973.94
20056088 , 3.02 , 3.44 , 1109.90 , 0.96 , -774.83 , 999.00
20056662 , 3.02 , 3.44 , 1093.70 , 0.80 , -648.87 , 946.00
20057232 , 3.02 , 3.44 , 1081.50 , 0.68 , -553.01 , 998.00
20057803 , 3.02 , 3.43 , 1070.20 , 0.57 , -463.44 , 873.00
20058374 , 3.02 , 3.43 , 1039.30 , 0.26 , -214.53 , 758.94
20058944 , 4.31 , 3.42 , 1044.20 , 0.31 , -254.40 , 855.94
20059515 , 5.45 , 3.42 , 1053.10 , 0.40 , -326.43 , 786.00
20060087 , 3.02 , 3.42 , 1046.20 , 0.33 , -270.63 , 862.80
20060657 , 3.05 , 3.42 , 1026.10 , 0.13 , -106.38 , 75.00
20241652 , 4.06 , 3.50 , 1402.70 , 3.86 , -2828.70 , 1023.00
20242220 , 4.06 , 3.51 , 1405.60 , 3.89 , -2847.23 , 1023.00
20242791 , 4.06 , 3.51 , 1402.20 , 3.86 , -2825.51 , 1023.00
20243362 , 4.06 , 3.51 , 1404.40 , 3.88 , -2839.58 , 1023.00
20243932 , 4.06 , 3.51 , 1405.30 , 3.89 , -2845.32 , 1023.00
20244503 , 4.06 , 3.51 , 1402.90 , 3.86 , -2829.99 , 1023.00
20245073 , 4.06 , 3.52 , 1405.60 , 3.89 , -2847.23 , 1023.00
20245644 , 4.06 , 3.52 , 1403.40 , 3.87 , -2833.18 , 1023.00
20246215 , 4.06 , 3.52 , 1402.80 , 3.86 , -2829.35 , 1023.00
20246788 , 4.06 , 3.52 , 1397.00 , 3.81 , -2792.20 , 1023.00
20247359 , 4.06 , 3.51 , 1391.00 , 3.75 , -2753.64 , 1023.00
20247929 , 4.06 , 3.51 , 1391.10 , 3.75 , -2754.28 , 1023.00
20248500 , 4.06 , 3.51 , 1397.70 , 3.81 , -2796.69 , 1023.00
20249071 , 4.06 , 3.52 , 1399.80 , 3.83 , -2810.15 , 1023.00
20249642 , 4.06 , 3.52 , 1402.90 , 3.86 , -2829.99 , 1023.00
20250212 , 4.06 , 3.51 , 1403.90 , 3.87 , -2836.38 , 1023.00
20250782 , 4.06 , 3.52 , 1404.20 , 3.88 , -2838.29 , 1023.00
20251356 , 4.06 , 3.52 , 1407.00 , 3.90 , -2856.17 , 1023.00
20251927 , 4.06 , 3.52 , 1403.60 , 3.87 , -2834.46 , 1023.00
20252498 , 4.06 , 3.52 , 1407.10 , 3.91 , -2856.81 , 1023.00
20253068 , 4.06 , 3.52 , 1405.80 , 3.89 , -2848.51 , 1023.00
20253638 , 4.06 , 3.52 , 1403.20 , 3.87 , -2831.91 , 1023.00
20254209 , 4.06 , 3.52 , 1406.70 , 3.90 , -2854.25 , 1023.00
20254779 , 4.06 , 3.52 , 1405.70 , 3.89 , -2847.87 , 1023.00
20255350 , 4.06 , 3.52 , 1404.50 , 3.88 , -2840.21 , 1023.00
20255924 , 4.07 , 3.52 , 1403.60 , 3.87 , -2834.46 , 1023.00
20256494 , 4.06 , 3.52 , 1405.30 , 3.89 , -2845.32 , 1023.00
20257064 , 4.07 , 3.52 , 1403.70 , 3.87 , -2835.10 , 1023.00
20257634 , 4.07 , 3.52 , 1403.30 , 3.87 , -2832.54 , 1023.00
20258205 , 4.07 , 3.52 , 1404.40 , 3.88 , -2839.58 , 1023.00
20258775 , 4.07 , 3.52 , 1405.70 , 3.89 , -2847.87 , 1023.00
20259346 , 4.07 , 3.52 , 1405.60 , 3.89 , -2847.23 , 1023.00
20259916 , 4.07 , 3.52 , 1405.50 , 3.89 , -2846.59 , 1023.00
20260486 , 4.07 , 3.52 , 1406.00 , 3.89 , -2849.79 , 1023.00
20261061 , 4.07 , 3.52 , 1405.60 , 3.89 , -2847.23 , 1023.00
20261631 , 4.07 , 3.52 , 1404.30 , 3.88 , -2838.94 , 1023.00
20262202 , 4.07 , 3.52 , 1404.20 , 3.88 , -2838.29 , 1023.00
20262773 , 4.07 , 3.52 , 1407.50 , 3.91 , -2859.36 , 1023.00
20263343 , 4.07 , 3.52 , 1408.20 , 3.92 , -2863.82 , 1023.00
20263914 , 4.07 , 3.52 , 1409.20 , 3.93 , -2870.19 , 1023.00
20264485 , 4.07 , 3.52 , 1410.70 , 3.94 , -2879.74 , 1023.00
20265055 , 4.07 , 3.52 , 1411.70 , 3.95 , -2886.11 , 1023.00
20265630 , 4.07 , 3.52 , 1411.70 , 3.95 , -2886.11 , 1023.00
20266202 , 4.07 , 3.52 , 1411.80 , 3.95 , -2886.75 , 1023.00
20266772 , 4.06 , 3.52 , 1410.20 , 3.94 , -2876.56 , 1023.00
20267343 , 4.06 , 3.52 , 1403.00 , 3.86 , -2830.63 , 1023.00
20267914 , 4.06 , 3.52 , 1401.90 , 3.85 , -2823.59 , 1023.00
20268484 , 4.07 , 3.52 , 1399.60 , 3.83 , -2808.87 , 1023.00
20269055 , 4.07 , 3.52 , 1398.70 , 3.82 , -2803.10 , 1023.00
20269626 , 4.07 , 3.52 , 1402.90 , 3.86 , -2829.99 , 1023.00
20270200 , 4.07 , 3.53 , 1399.60 , 3.83 , -2808.87 , 1023.00
20270770 , 4.07 , 3.53 , 1399.50 , 3.83 , -2808.23 , 1023.00
20271342 , 4.07 , 3.52 , 1404.90 , 3.88 , -2842.77 , 1023.00
20271912 , 4.07 , 3.52 , 1403.00 , 3.86 , -2830.63 , 1023.00
20272483 , 4.07 , 3.53 , 1404.70 , 3.88 , -2841.49 , 1023.00
20273054 , 4.07 , 3.52 , 1406.20 , 3.90 , -2851.06 , 1023.00
20273623 , 4.07 , 3.53 , 1404.70 , 3.88 , -2841.49 , 1023.00
20274194 , 4.07 , 3.52 , 1405.60 , 3.89 , -2847.23 , 1023.00
20274768 , 4.07 , 3.52 , 1405.80 , 3.89 , -2848.51 , 1023.00
20275339 , 4.07 , 3.52 , 1405.40 , 3.89 , -2845.96 , 1023.00
20275910 , 4.07 , 3.52 , 1408.20 , 3.92 , -2863.82 , 1023.00
20276480 , 4.07 , 3.52 , 1408.30 , 3.92 , -2864.46 , 1023.00
20277051 , 4.07 , 3.52 , 1409.60 , 3.93 , -2872.74 , 1023.00
20277622 , 4.07 , 3.52 , 1409.30 , 3.93 , -2870.83 , 1023.00
20278192 , 4.07 , 3.52 , 1408.00 , 3.91 , -2862.55 , 1023.00
20278762 , 4.07 , 3.52 , 1408.00 , 3.91 , -2862.55 , 1023.00
20279333 , 4.07 , 3.52 , 1406.80 , 3.90 , -2854.90 , 1023.00
20279907 , 4.08 , 3.53 , 1408.40 , 3.92 , -2865.10 , 1023.00
20280478 , 4.08 , 3.52 , 1407.40 , 3.91 , -2858.72 , 1023.00
20281049 , 4.08 , 3.53 , 1407.30 , 3.91 , -2858.08 , 1023.00
20281620 , 4.07 , 3.53 , 1409.20 , 3.93 , -2870.19 , 1023.00
20282190 , 4.08 , 3.53 , 1410.10 , 3.94 , -2875.93 , 1023.00
20282762 , 4.08 , 3.52 , 1411.30 , 3.95 , -2883.56 , 1023.00
20283332 , 4.08 , 3.53 , 1411.40 , 3.95 , -2884.20 , 1023.00
20283903 , 4.08 , 3.53 , 1411.10 , 3.95 , -2882.29 , 1023.00
20284478 , 4.08 , 3.53 , 1411.70 , 3.95 , -2886.11 , 1023.00
20285047 , 4.08 , 3.53 , 1411.20 , 3.95 , -2882.92 , 1023.00
20285618 , 4.08 , 3.53 , 1412.20 , 3.96 , -2889.29 , 1023.00
20286189 , 4.08 , 3.53 , 1412.20 , 3.96 , -2889.29 , 1023.00
20286760 , 4.08 , 3.53 , 1412.30 , 3.96 , -2889.92 , 1023.00
20287331 , 4.08 , 3.53 , 1412.00 , 3.95 , -2888.02 , 1023.00
20287902 , 4.08 , 3.53 , 1411.60 , 3.95 , -2885.47 , 1023.00
20288473 , 4.08 , 3.53 , 1411.40 , 3.95 , -2884.20 , 1023.00
20289046 , 4.08 , 3.53 , 1411.60 , 3.95 , -2885.47 , 1023.00
20289618 , 4.08 , 3.53 , 1411.30 , 3.95 , -2883.56 , 1023.00
20290188 , 4.08 , 3.53 , 1411.50 , 3.95 , -2884.84 , 1023.00
20290758 , 4.08 , 3.53 , 1411.50 , 3.95 , -2884.84 , 1023.00
20291330 , 4.08 , 3.53 , 1411.70 , 3.95 , -2886.11 , 1023.00
20291900 , 4.08 , 3.53 , 1410.70 , 3.94 , -2879.74 , 1023.00
20292470 , 4.08 , 3.53 , 1407.70 , 3.91 , -2860.63 , 1023.00
20293041 , 4.09 , 3.53 , 1408.30 , 3.92 , -2864.46 , 1023.00
20293615 , 4.09 , 3.53 , 1403.30 , 3.87 , -2832.54 , 1023.00
20294186 , 4.09 , 3.53 , 1407.10 , 3.91 , -2856.81 , 1023.00
20294757 , 4.09 , 3.53 , 1409.20 , 3.93 , -2870.19 , 1023.00
20295327 , 4.09 , 3.53 , 1410.70 , 3.94 , -2879.74 , 1023.00
20295898 , 4.09 , 3.53 , 1410.90 , 3.94 , -2881.02 , 1023.00
20296469 , 4.09 , 3.53 , 1410.90 , 3.94 , -2881.02 , 1023.00
20297039 , 4.09 , 3.53 , 1410.80 , 3.94 , -2880.38 , 1023.00
20297609 , 4.09 , 3.53 , 1411.40 , 3.95 , -2884.20 , 1023.00
20298180 , 4.09 , 3.53 , 1411.20 , 3.95 , -2882.92 , 1023.00
20298754 , 4.09 , 3.53 , 1411.40 , 3.95 , -2884.20 , 1023.00
20299325 , 4.09 , 3.53 , 1411.70 , 3.95 , -2886.11 , 1023.00
20299895 , 4.09 , 3.53 , 1412.10 , 3.95 , -2888.65 , 1023.00
20300466 , 4.08 , 3.53 , 1412.40 , 3.96 , -2890.56 , 1023.00
20301037 , 4.09 , 3.53 , 1412.80 , 3.96 , -2893.10 , 1023.00
20301608 , 4.09 , 3.53 , 1412.80 , 3.96 , -2893.10 , 1023.00
20302178 , 4.09 , 3.53 , 1412.60 , 3.96 , -2891.83 , 1023.00
20302749 , 4.09 , 3.53 , 1413.50 , 3.97 , -2897.55 , 1023.00
20303323 , 4.09 , 3.53 , 1413.50 , 3.97 , -2897.55 , 1023.00
20303894 , 4.09 , 3.53 , 1413.20 , 3.97 , -2895.65 , 1023.00
20304465 , 4.08 , 3.53 , 1413.40 , 3.97 , -2896.92 , 1023.00
20305036 , 4.08 , 3.53 , 1413.50 , 3.97 , -2897.55 , 1023.00
20305606 , 4.08 , 3.53 , 1413.50 , 3.97 , -2897.55 , 1023.00
20306177 , 4.08 , 3.53 , 1413.00 , 3.96 , -2894.37 , 1023.00
20306747 , 4.09 , 3.54 , 1412.50 , 3.96 , -2891.19 , 1023.00
20307318 , 4.08 , 3.54 , 1413.50 , 3.97 , -2897.55 , 1023.00
20307893 , 4.08 , 3.53 , 1413.70 , 3.97 , -2898.82 , 1023.00
20308463 , 4.08 , 3.53 , 1413.20 , 3.97 , -2895.65 , 1023.00
20309034 , 4.09 , 3.53 , 1413.00 , 3.96 , -2894.37 , 1023.00
20309605 , 4.08 , 3.53 , 1413.70 , 3.97 , -2898.82 , 1023.00
20310176 , 4.09 , 3.53 , 1412.70 , 3.96 , -2892.47 , 1023.00
20310747 , 4.08 , 3.54 , 1413.00 , 3.96 , -2894.37 , 1023.00
20311317 , 4.08 , 3.53 , 1413.30 , 3.97 , -2896.28 , 1023.00
20311889 , 4.09 , 3.54 , 1413.10 , 3.96 , -2895.01 , 1023.00
20312462 , 4.09 , 3.54 , 1412.80 , 3.96 , -2893.10 , 1023.00
20313033 , 4.09 , 3.54 , 1412.20 , 3.96 , -2889.29 , 1023.00
20313604 , 4.09 , 3.54 , 1412.20 , 3.96 , -2889.29 , 1023.00
20314175 , 4.09 , 3.53 , 1411.60 , 3.95 , -2885.47 , 1023.00
20314745 , 4.09 , 3.54 , 1411.80 , 3.95 , -2886.75 , 1023.00
20315317 , 4.09 , 3.54 , 1411.60 , 3.95 , -2885.47 , 1023.00
20315888 , 4.09 , 3.54 , 1410.80 , 3.94 , -2880.38 , 1023.00
20316459 , 4.09 , 3.54 , 1410.70 , 3.94 , -2879.74 , 1023.00
20317029 , 4.09 , 3.54 , 1410.30 , 3.94 , -2877.20 , 1023.00
20317604 , 4.09 , 3.54 , 1409.80 , 3.93 , -2874.01 , 1023.00
20318175 , 4.09 , 3.54 , 1409.60 , 3.93 , -2872.74 , 1023.00
20318746 , 4.09 , 3.54 , 1409.40 , 3.93 , -2871.47 , 1023.00
20319318 , 4.09 , 3.54 , 1407.80 , 3.91 , -2861.27 , 1023.00
20319888 , 4.09 , 3.54 , 1410.90 , 3.94 , -2881.02 , 1023.00
20320458 , 4.09 , 3.54 , 1412.70 , 3.96 , -2892.47 , 1023.00
20321029 , 4.09 , 3.54 , 1412.10 , 3.95 , -2888.65 , 1023.00
20321600 , 4.09 , 3.54 , 1412.50 , 3.96 , -2891.19 , 1023.00
20322174 , 4.09 , 3.54 , 1412.50 , 3.96 , -2891.19 , 1023.00
20322745 , 4.09 , 3.54 , 1412.00 , 3.95 , -2888.02 , 1023.00
20323316 , 4.09 , 3.54 , 1412.50 , 3.96 , -2891.19 , 1023.00
20323886 , 4.09 , 3.54 , 1411.90 , 3.95 , -2887.38 , 1023.00
20324457 , 4.09 , 3.54 , 1410.60 , 3.94 , -2879.11 , 1023.00
20325028 , 4.09 , 3.54 , 1411.20 , 3.95 , -2882.92 , 1023.00
20325599 , 4.09 , 3.54 , 1410.00 , 3.93 , -2875.29 , 1023.00
20326169 , 4.09 , 3.54 , 1410.90 , 3.94 , -2881.02 , 1023.00
20326744 , 4.09 , 3.54 , 1411.10 , 3.95 , -2882.29 , 1023.00
20327314 , 4.09 , 3.54 , 1410.80 , 3.94 , -2880.38 , 1023.00
20327885 , 4.09 , 3.54 , 1408.90 , 3.92 , -2868.28 , 1023.00
20328456 , 4.09 , 3.54 , 1408.80 , 3.92 , -2867.64 , 1023.00
20329026 , 4.09 , 3.54 , 1409.30 , 3.93 , -2870.83 , 1023.00
20329597 , 4.09 , 3.54 , 1409.70 , 3.93 , -2873.38 , 1023.00
20330168 , 4.09 , 3.54 , 1409.60 , 3.93 , -2872.74 , 1023.00
20330738 , 4.09 , 3.54 , 1409.50 , 3.93 , -2872.11 , 1023.00
20331313 , 4.09 , 3.54 , 1408.80 , 3.92 , -2867.64 , 1023.00
20331883 , 4.08 , 3.54 , 1408.70 , 3.92 , -2867.01 , 1023.00
20332454 , 4.08 , 3.54 , 1409.30 , 3.93 , -2870.83 , 1023.00
20333025 , 4.08 , 3.54 , 1409.30 , 3.93 , -2870.83 , 1023.00
20333595 , 4.08 , 3.54 , 1408.90 , 3.92 , -2868.28 , 1023.00
20334165 , 4.08 , 3.54 , 1408.20 , 3.92 , -2863.82 , 1023.00
20334737 , 4.08 , 3.54 , 1407.60 , 3.91 , -2859.99 , 1023.00
20335307 , 4.08 , 3.54 , 1407.60 , 3.91 , -2859.99 , 1023.00
20335877 , 4.08 , 3.54 , 1410.60 , 3.94 , -2879.11 , 1023.00
20336452 , 4.07 , 3.54 , 1410.90 , 3.94 , -2881.02 , 1023.00
20337022 , 4.07 , 3.54 , 1410.90 , 3.94 , -2881.02 , 1023.00
20337593 , 4.07 , 3.54 , 1410.70 , 3.94 , -2879.74 , 1023.00
20338163 , 4.07 , 3.53 , 1409.90 , 3.93 , -2874.65 , 1023.00
20338734 , 4.08 , 3.54 , 1409.50 , 3.93 , -2872.11 , 1023.00
20339305 , 4.07 , 3.53 , 1410.50 , 3.94 , -2878.47 , 1023.00
20339876 , 4.07 , 3.53 , 1411.30 , 3.95 , -2883.56 , 1023.00
20340446 , 4.07 , 3.54 , 1411.30 , 3.95 , -2883.56 , 1023.00
20341021 , 4.07 , 3.53 , 1411.90 , 3.95 , -2887.38 , 1023.00
20341592 , 4.07 , 3.53 , 1412.20 , 3.96 , -2889.29 , 1023.00
20342162 , 4.07 , 3.53 , 1412.70 , 3.96 , -2892.47 , 1023.00
20342733 , 4.07 , 3.53 , 1412.60 , 3.96 , -2891.83 , 1023.00
20343304 , 4.07 , 3.53 , 1412.40 , 3.96 , -2890.56 , 1023.00
20343874 , 4.07 , 3.53 , 1411.50 , 3.95 , -2884.84 , 1023.00
20344445 , 4.07 , 3.53 , 1412.10 , 3.95 , -2888.65 , 1023.00
20345016 , 4.07 , 3.53 , 1412.70 , 3.96 , -2892.47 , 1023.00
20345589 , 4.07 , 3.53 , 1412.50 , 3.96 , -2891.19 , 1023.00
20346161 , 4.07 , 3.53 , 1412.40 , 3.96 , -2890.56 , 1023.00
20346731 , 4.07 , 3.53 , 1413.10 , 3.96 , -2895.01 , 1023.00
20347302 , 4.07 , 3.53 , 1412.70 , 3.96 , -2892.47 , 1023.00
20347873 , 4.06 , 3.53 , 1413.20 , 3.97 , -2895.65 , 1023.00
20348444 , 4.06 , 3.53 , 1413.00 , 3.96 , -2894.37 , 1023.00
20349014 , 4.06 , 3.54 , 1412.90 , 3.96 , -2893.74 , 1023.00
20349586 , 4.06 , 3.53 , 1412.70 , 3.96 , -2892.47 , 1023.00
20350160 , 4.06 , 3.53 , 1412.90 , 3.96 , -2893.74 , 1023.00
20350730 , 4.06 , 3.54 , 1413.00 , 3.96 , -2894.37 , 1023.00
20351301 , 4.06 , 3.54 , 1412.90 , 3.96 , -2893.74 , 1023.00
20351871 , 4.06 , 3.53 , 1413.60 , 3.97 , -2898.19 , 1023.00
20352441 , 4.06 , 3.53 , 1413.60 , 3.97 , -2898.19 , 1023.00
20353013 , 4.06 , 3.53 , 1413.20 , 3.97 , -2895.65 , 1023.00
20353583 , 4.06 , 3.53 , 1413.80 , 3.97 , -2899.46 , 1023.00
20354153 , 4.06 , 3.53 , 1413.00 , 3.96 , -2894.37 , 1023.00
20354724 , 4.06 , 3.53 , 1414.00 , 3.97 , -2900.73 , 1023.00
20355298 , 4.06 , 3.53 , 1414.20 , 3.98 , -2902.00 , 1023.00
20355869 , 4.06 , 3.53 , 1414.40 , 3.98 , -2903.27 , 1023.00
20356440 , 4.06 , 3.53 , 1414.40 , 3.98 , -2903.27 , 1023.00
20357010 , 4.06 , 3.53 , 1413.90 , 3.97 , -2900.09 , 1023.00
20357581 , 4.06 , 3.53 , 1414.20 , 3.98 , -2902.00 , 1023.00
20358152 , 4.06 , 3.53 , 1413.90 , 3.97 , -2900.09 , 1023.00
20358722 , 4.06 , 3.53 , 1414.10 , 3.97 , -2901.37 , 1023.00
20359293 , 4.06 , 3.53 , 1413.00 , 3.96 , -2894.37 , 1023.00
20359867 , 4.06 , 3.53 , 1413.00 , 3.96 , -2894.37 , 1023.00
20360437 , 4.06 , 3.53 , 1413.20 , 3.97 , -2895.65 , 1023.00
20361009 , 4.06 , 3.53 , 1413.30 , 3.97 , -2896.28 , 1023.00
20361579 , 4.06 , 3.53 , 1413.30 , 3.97 , -2896.28 , 1023.00
20362150 , 4.06 , 3.53 , 1413.50 , 3.97 , -2897.55 , 1023.00
20362721 , 4.06 , 3.53 , 1413.20 , 3.97 , -2895.65 , 1023.00
20363292 , 4.06 , 3.53 , 1412.80 , 3.96 , -2893.10 , 1023.00
20363862 , 4.06 , 3.53 , 1413.40 , 3.97 , -2896.92 , 1023.00
20364437 , 4.06 , 3.53 , 1413.00 , 3.96 , -2894.37 , 1023.00
20365007 , 4.06 , 3.53 , 1413.50 , 3.97 , -2897.55 , 1023.00
20365578 , 4.06 , 3.53 , 1414.10 , 3.97 , -2901.37 , 1023.00
20366149 , 4.06 , 3.53 , 1413.00 , 3.96 , -2894.37 , 1023.00
20366720 , 4.06 , 3.53 , 1413.80 , 3.97 , -2899.46 , 1023.00
20367291 , 4.06 , 3.53 , 1412.70 , 3.96 , -2892.47 , 1023.00
20367861 , 4.06 , 3.53 , 1411.40 , 3.95 , -2884.20 , 1023.00
20368433 , 4.06 , 3.53 , 1412.40 , 3.96 , -2890.56 , 1023.00
20369020 , 4.06 , 3.53 , 1412.60 , 3.96 , -2891.83 , 1023.00
20369593 , 4.06 , 3.53 , 1413.20 , 3.97 , -2895.65 , 1023.00
20370167 , 4.06 , 3.52 , 1412.60 , 3.96 , -2891.83 , 1023.00
20370740 , 4.06 , 3.53 , 1413.20 , 3.97 , -2895.65 , 1023.00
20371313 , 4.06 , 3.52 , 1413.00 , 3.96 , -2894.37 , 1023.00
20371887 , 4.06 , 3.53 , 1413.90 , 3.97 , -2900.09 , 1023.00
20372460 , 4.06 , 3.52 , 1413.60 , 3.97 , -2898.19 , 1023.00
20373033 , 4.06 , 3.53 , 1413.90 , 3.97 , -2900.09 , 1023.00
20373607 , 4.05 , 3.52 , 1413.40 , 3.97 , -2896.92 , 1023.00
20374184 , 4.05 , 3.53 , 1413.20 , 3.97 , -2895.65 , 1023.00
20374757 , 4.05 , 3.53 , 1414.30 , 3.98 , -2902.64 , 1023.00
20375331 , 4.05 , 3.52 , 1414.00 , 3.97 , -2900.73 , 1023.00
20375905 , 4.05 , 3.52 , 1414.00 , 3.97 , -2900.73 , 1023.00
20376478 , 4.05 , 3.53 , 1413.50 , 3.97 , -2897.55 , 1023.00
20377051 , 4.05 , 3.52 , 1412.00 , 3.95 , -2888.02 , 1023.00
20377625 , 4.05 , 3.52 , 1403.70 , 3.87 , -2835.10 , 1023.00
20378198 , 4.05 , 3.52 , 1405.00 , 3.88 , -2843.40 , 1023.00
20378775 , 4.05 , 3.52 , 1411.40 , 3.95 , -2884.20 , 1023.00
20379348 , 4.05 , 3.52 , 1411.80 , 3.95 , -2886.75 , 1023.00
20379922 , 4.05 , 3.52 , 1411.80 , 3.95 , -2886.75 , 1023.00
20380496 , 4.05 , 3.52 , 1411.90 , 3.95 , -2887.38 , 1023.00
20381069 , 4.05 , 3.52 , 1411.70 , 3.95 , -2886.11 , 1023.00
20381643 , 4.05 , 3.52 , 1411.30 , 3.95 , -2883.56 , 1023.00
20382217 , 4.05 , 3.52 , 1411.10 , 3.95 , -2882.29 , 1023.00
20382790 , 4.05 , 3.52 , 1410.80 , 3.94 , -2880.38 , 1023.00
20383367 , 4.05 , 3.52 , 1411.40 , 3.95 , -2884.20 , 1023.00
20383940 , 4.05 , 3.52 , 1411.10 , 3.95 , -2882.29 , 1023.00
20384513 , 4.05 , 3.52 , 1411.10 , 3.95 , -2882.29 , 1023.00
20385087 , 4.05 , 3.52 , 1411.50 , 3.95 , -2884.84 , 1023.00
20385661 , 4.05 , 3.52 , 1410.40 , 3.94 , -2877.84 , 1023.00
20386234 , 4.05 , 3.52 , 1410.50 , 3.94 , -2878.47 , 1023.00
20386808 , 4.05 , 3.52 , 1408.70 , 3.92 , -2867.01 , 1023.00
20387382 , 4.05 , 3.52 , 1401.60 , 3.85 , -2821.67 , 1023.00
20387955 , 4.05 , 3.52 , 1406.10 , 3.90 , -2850.43 , 1023.00
20388527 , 4.05 , 3.52 , 1407.90 , 3.91 , -2861.91 , 1023.00
20389100 , 4.05 , 3.52 , 1405.20 , 3.89 , -2844.68 , 1023.00
20389674 , 4.05 , 3.52 , 1404.90 , 3.88 , -2842.77 , 1023.00
20390247 , 4.05 , 3.52 , 1406.20 , 3.90 , -2851.06 , 1023.00
20390820 , 4.06 , 3.52 , 1404.70 , 3.88 , -2841.49 , 1023.00
20391394 , 4.05 , 3.51 , 1406.10 , 3.90 , -2850.43 , 1023.00
20391968 , 4.05 , 3.51 , 1406.00 , 3.89 , -2849.79 , 1023.00
20392541 , 4.05 , 3.52 , 1406.10 , 3.90 , -2850.43 , 1023.00
20393118 , 4.06 , 3.51 , 1408.00 , 3.91 , -2862.55 , 1023.00
20393692 , 4.05 , 3.51 , 1406.10 , 3.90 , -2850.43 , 1023.00
20394265 , 4.05 , 3.51 , 1406.10 , 3.90 , -2850.43 , 1023.00
20394839 , 4.05 , 3.51 , 1405.40 , 3.89 , -2845.96 , 1023.00
20395414 , 4.05 , 3.51 , 1407.50 , 3.91 , -2859.36 , 1023.00
20395986 , 4.05 , 3.51 , 1405.80 , 3.89 , -2848.51 , 1023.00
20396560 , 4.05 , 3.51 , 1408.10 , 3.92 , -2863.18 , 1023.00
20397134 , 4.05 , 3.51 , 1407.50 , 3.91 , -2859.36 , 1023.00
20397711 , 4.05 , 3.51 , 1408.70 , 3.92 , -2867.01 , 1023.00
20398285 , 4.05 , 3.51 , 1408.90 , 3.92 , -2868.28 , 1023.00
20398859 , 4.05 , 3.51 , 1408.50 , 3.92 , -2865.73 , 1023.00
20399432 , 4.05 , 3.51 , 1409.10 , 3.93 , -2869.56 , 1023.00
20400007 , 4.05 , 3.51 , 1408.60 , 3.92 , -2866.37 , 1023.00
20400580 , 4.05 , 3.51 , 1407.30 , 3.91 , -2858.08 , 1023.00
20401153 , 4.05 , 3.51 , 1408.40 , 3.92 , -2865.10 , 1023.00
20401727 , 4.05 , 3.51 , 1408.20 , 3.92 , -2863.82 , 1023.00
20402304 , 4.05 , 3.51 , 1407.10 , 3.91 , -2856.81 , 1023.00
20402878 , 4.05 , 3.51 , 1409.80 , 3.93 , -2874.01 , 1023.00
20403450 , 4.05 , 3.51 , 1408.40 , 3.92 , -2865.10 , 1023.00
20404024 , 4.06 , 3.51 , 1409.50 , 3.93 , -2872.11 , 1023.00
20404597 , 4.06 , 3.51 , 1408.60 , 3.92 , -2866.37 , 1023.00
20405170 , 4.06 , 3.51 , 1406.40 , 3.90 , -2852.34 , 1023.00
20405744 , 4.06 , 3.51 , 1407.90 , 3.91 , -2861.91 , 1023.00
20406317 , 4.06 , 3.51 , 1406.40 , 3.90 , -2852.34 , 1023.00
20406890 , 4.06 , 3.51 , 1406.90 , 3.90 , -2855.53 , 1023.00
20407467 , 4.06 , 3.51 , 1405.50 , 3.89 , -2846.59 , 1023.00
20408040 , 4.06 , 3.51 , 1405.50 , 3.89 , -2846.59 , 1023.00
20408613 , 4.06 , 3.51 , 1407.70 , 3.91 , -2860.63 , 1023.00
20409187 , 4.06 , 3.51 , 1406.60 , 3.90 , -2853.62 , 1023.00
20409760 , 4.06 , 3.51 , 1405.90 , 3.89 , -2849.15 , 1023.00
20410333 , 4.06 , 3.51 , 1405.10 , 3.89 , -2844.04 , 1023.00
20410907 , 4.06 , 3.51 , 1405.20 , 3.89 , -2844.68 , 1023.00
20411480 , 4.06 , 3.51 , 1410.00 , 3.93 , -2875.29 , 1023.00
20412057 , 4.06 , 3.50 , 1408.00 , 3.91 , -2862.55 , 1023.00
20412630 , 4.06 , 3.50 , 1407.70 , 3.91 , -2860.63 , 1023.00
20413203 , 4.06 , 3.51 , 1406.90 , 3.90 , -2855.53 , 1023.00
20413776 , 4.05 , 3.51 , 1404.40 , 3.88 , -2839.58 , 1023.00
20414350 , 4.06 , 3.50 , 1406.20 , 3.90 , -2851.06 , 1023.00
20414923 , 4.06 , 3.50 , 1405.00 , 3.88 , -2843.40 , 1023.00
20415496 , 4.06 , 3.51 , 1406.40 , 3.90 , -2852.34 , 1023.00
20416070 , 4.05 , 3.50 , 1409.00 , 3.92 , -2868.92 , 1023.00
20416648 , 4.05 , 3.50 , 1407.30 , 3.91 , -2858.08 , 1023.00
20417221 , 4.06 , 3.50 , 1406.50 , 3.90 , -2852.98 , 1023.00
20417794 , 4.05 , 3.50 , 1406.50 , 3.90 , -2852.98 , 1023.00
20418368 , 4.06 , 3.51 , 1405.20 , 3.89 , -2844.68 , 1023.00
20418941 , 4.05 , 3.51 , 1407.10 , 3.91 , -2856.81 , 1023.00
20419514 , 4.06 , 3.50 , 1404.40 , 3.88 , -2839.58 , 1023.00
20420088 , 4.06 , 3.50 , 1404.90 , 3.88 , -2842.77 , 1023.00
20420661 , 4.06 , 3.50 , 1403.90 , 3.87 , -2836.38 , 1023.00
20421238 , 4.06 , 3.50 , 1403.20 , 3.87 , -2831.91 , 1023.00
20421810 , 4.05 , 3.50 , 1405.60 , 3.89 , -2847.23 , 1023.00
20422384 , 4.05 , 3.50 , 1402.80 , 3.86 , -2829.35 , 1023.00
20422957 , 4.06 , 3.50 , 1401.10 , 3.85 , -2818.47 , 1023.00
20423530 , 4.06 , 3.50 , 1399.20 , 3.83 , -2806.30 , 1023.00
20424104 , 4.05 , 3.50 , 1402.80 , 3.86 , -2829.35 , 1023.00
20424678 , 4.05 , 3.49 , 1401.50 , 3.85 , -2821.03 , 1023.00
20425251 , 4.05 , 3.50 , 1401.40 , 3.85 , -2820.39 , 1023.00
20425824 , 4.06 , 3.50 , 1402.70 , 3.86 , -2828.70 , 1023.00
20426401 , 4.06 , 3.50 , 1399.30 , 3.83 , -2806.94 , 1023.00
20426974 , 4.05 , 3.50 , 1405.90 , 3.89 , -2849.15 , 1023.00
20427548 , 4.05 , 3.50 , 1404.70 , 3.88 , -2841.49 , 1023.00
20428121 , 4.06 , 3.49 , 1403.20 , 3.87 , -2831.91 , 1023.00
20428694 , 4.06 , 3.50 , 1406.00 , 3.89 , -2849.79 , 1023.00
20429268 , 4.06 , 3.50 , 1405.70 , 3.89 , -2847.87 , 1023.00
20429841 , 4.06 , 3.50 , 1406.40 , 3.90 , -2852.34 , 1023.00
20430415 , 4.06 , 3.49 , 1403.70 , 3.87 , -2835.10 , 1023.00
20430991 , 4.06 , 3.50 , 1403.20 , 3.87 , -2831.91 , 1023.00
20431565 , 4.06 , 3.50 , 1408.80 , 3.92 , -2867.64 , 1023.00
20432138 , 4.06 , 3.50 , 1405.50 , 3.89 , -2846.59 , 1023.00
20432711 , 4.06 , 3.49 , 1405.40 , 3.89 , -2845.96 , 1023.00
20433285 , 4.06 , 3.50 , 1406.00 , 3.89 , -2849.79 , 1023.00
20433859 , 4.06 , 3.50 , 1406.70 , 3.90 , -2854.25 , 1023.00
20434432 , 4.06 , 3.49 , 1406.80 , 3.90 , -2854.90 , 1023.00
20435005 , 4.06 , 3.49 , 1407.80 , 3.91 , -2861.27 , 1023.00
20435581 , 4.05 , 3.50 , 1409.70 , 3.93 , -2873.38 , 1023.00
20436155 , 4.05 , 3.50 , 1409.00 , 3.92 , -2868.92 , 1023.00
20436728 , 4.05 , 3.50 , 1408.60 , 3.92 , -2866.37 , 1023.00
20437301 , 4.05 , 3.50 , 1406.80 , 3.90 , -2854.90 , 1023.00
20437875 , 4.05 , 3.50 , 1401.90 , 3.85 , -2823.59 , 1023.00
20438449 , 4.06 , 3.49 , 1400.30 , 3.84 , -2813.35 , 1023.00
20439021 , 4.06 , 3.49 , 1402.90 , 3.86 , -2829.99 , 1023.00
20439594 , 4.06 , 3.50 , 1402.40 , 3.86 , -2826.79 , 1023.00
20440171 , 4.06 , 3.49 , 1406.00 , 3.89 , -2849.79 , 1023.00
20440745 , 4.06 , 3.49 , 1404.00 , 3.87 , -2837.02 , 1023.00
20441318 , 4.06 , 3.50 , 1405.40 , 3.89 , -2845.96 , 1023.00
20441891 , 4.06 , 3.49 , 1404.20 , 3.88 , -2838.29 , 1023.00
20442464 , 4.05 , 3.50 , 1407.00 , 3.90 , -2856.17 , 1023.00
20443037 , 4.06 , 3.49 , 1402.10 , 3.86 , -2824.87 , 1023.00
20443611 , 4.06 , 3.49 , 1401.40 , 3.85 , -2820.39 , 1023.00
20444184 , 4.06 , 3.49 , 1408.30 , 3.92 , -2864.46 , 1023.00
20444757 , 4.06 , 3.49 , 1406.20 , 3.90 , -2851.06 , 1023.00
20445334 , 4.06 , 3.49 , 1405.80 , 3.89 , -2848.51 , 1023.00
20445908 , 4.06 , 3.49 , 1404.60 , 3.88 , -2840.85 , 1023.00
20446481 , 4.06 , 3.49 , 1403.50 , 3.87 , -2833.82 , 1023.00
20447054 , 4.06 , 3.49 , 1403.00 , 3.86 , -2830.63 , 1023.00
20447627 , 4.06 , 3.49 , 1402.40 , 3.86 , -2826.79 , 1023.00
20448201 , 4.06 , 3.49 , 1402.40 , 3.86 , -2826.79 , 1023.00
20448774 , 4.06 , 3.49 , 1401.60 , 3.85 , -2821.67 , 1023.00
20449347 , 4.06 , 3.49 , 1401.80 , 3.85 , -2822.95 , 1023.00
20449924 , 4.06 , 3.49 , 1402.50 , 3.86 , -2827.43 , 1023.00
20450498 , 4.06 , 3.49 , 1400.20 , 3.84 , -2812.71 , 1023.00
20451070 , 4.06 , 3.49 , 1397.50 , 3.81 , -2795.41 , 1023.00
20451644 , 4.06 , 3.49 , 1400.10 , 3.84 , -2812.07 , 1023.00
20452218 , 4.06 , 3.49 , 1399.40 , 3.83 , -2807.59 , 1023.00
20452791 , 4.06 , 3.48 , 1399.00 , 3.83 , -2805.02 , 1023.00
20453364 , 4.06 , 3.49 , 1391.30 , 3.75 , -2755.57 , 1023.00
20453938 , 4.06 , 3.48 , 1394.10 , 3.78 , -2773.58 , 1023.00
20454516 , 4.06 , 3.49 , 1393.60 , 3.77 , -2770.37 , 1023.00
20455088 , 4.06 , 3.49 , 1395.50 , 3.79 , -2782.57 , 1023.00
20455662 , 4.06 , 3.49 , 1397.00 , 3.81 , -2792.20 , 1023.00
20456236 , 4.06 , 3.49 , 1392.90 , 3.76 , -2765.87 , 1023.00
20456809 , 4.06 , 3.48 , 1374.40 , 3.58 , -2646.25 , 1023.00
20457382 , 4.06 , 3.49 , 1371.70 , 3.55 , -2628.68 , 1023.00
20457956 , 4.05 , 3.48 , 1358.60 , 3.42 , -2543.06 , 1023.00
20458529 , 4.06 , 3.48 , 1343.50 , 3.28 , -2443.53 , 1023.00
20459106 , 4.06 , 3.48 , 1322.70 , 3.07 , -2304.93 , 1023.00
20459679 , 4.06 , 3.46 , 1312.20 , 2.97 , -2234.29 , 1023.00
20460252 , 4.06 , 3.46 , 1293.60 , 2.78 , -2108.03 , 1023.00
20460826 , 4.06 , 3.46 , 1275.70 , 2.60 , -1985.12 , 1023.00
20461399 , 4.06 , 3.45 , 1260.60 , 2.45 , -1880.36 , 1023.00
20461972 , 4.06 , 3.45 , 1258.20 , 2.43 , -1863.61 , 1022.03
20462545 , 4.06 , 3.45 , 1233.10 , 2.18 , -1686.91 , 1021.97
20463118 , 4.06 , 3.45 , 1234.60 , 2.20 , -1697.55 , 1023.00
20463691 , 4.06 , 3.44 , 1219.90 , 2.05 , -1592.82 , 1020.06
20464268 , 4.06 , 3.44 , 1214.80 , 2.00 , -1556.23 , 1020.00
20464841 , 4.05 , 3.44 , 1185.00 , 1.70 , -1339.99 , 1017.00
20465414 , 4.04 , 3.44 , 1191.90 , 1.77 , -1390.45 , 1021.00
20465988 , 4.05 , 3.43 , 1173.00 , 1.59 , -1251.68 , 1015.00
20466561 , 4.04 , 3.43 , 1171.00 , 1.57 , -1236.88 , 1018.00
20467136 , 4.04 , 3.43 , 1156.10 , 1.42 , -1126.04 , 1012.00
20467709 , 4.05 , 3.43 , 1141.40 , 1.27 , -1015.54 , 1018.00
20468282 , 4.03 , 3.43 , 1138.50 , 1.24 , -993.60 , 1008.00
20468859 , 4.03 , 3.43 , 1120.10 , 1.06 , -853.37 , 1018.00
20469433 , 4.03 , 3.43 , 1119.00 , 1.05 , -844.93 , 1000.89
20470006 , 4.04 , 3.42 , 1096.70 , 0.83 , -672.31 , 1008.09
20470579 , 4.03 , 3.42 , 1100.70 , 0.87 , -703.48 , 1004.00
20471151 , 4.03 , 3.42 , 1070.60 , 0.57 , -466.62 , 959.31
20471724 , 4.03 , 3.42 , 1073.60 , 0.60 , -490.47 , 1002.00
20472297 , 4.03 , 3.41 , 1044.20 , 0.31 , -254.40 , 918.00
20472870 , 4.03 , 3.41 , 1049.80 , 0.36 , -299.78 , 1002.00
20473447 , 4.03 , 3.41 , 1040.80 , 0.28 , -226.76 , 895.51
20474020 , 4.03 , 3.40 , 1026.40 , 0.13 , -108.85 , 664.09
20534734 , 4.48 , 3.22 , 1025.90 , 0.13 , -104.73 , 285.89
